      0/99        0G    0.1146   0.04083    0.0677    0.2231        35       352         0         0         0         0    0.1187   0.02081   0.07138
      1/99        0G    0.1085   0.04058   0.06614    0.2152        13       864 0.0001137   0.05663 1.334e-05 3.267e-06    0.1064   0.02074   0.06318
      2/99        0G    0.1009   0.03689   0.06374    0.2015         9       512 0.0003032   0.08512 9.694e-05 2.183e-05    0.1027   0.02093   0.06125
      3/99        0G    0.0959   0.04013   0.06097     0.197        24       448    0.3371   0.02381  0.002743 0.0007622   0.09837    0.0219   0.05796
      4/99        0G   0.09357   0.04194   0.05837    0.1939        15       640     0.756   0.07619  0.004001  0.001108    0.0959   0.02238   0.05519
      5/99        0G   0.09284   0.04306   0.05622    0.1921        25       544    0.9523     0.025   0.02734   0.01803   0.09474   0.02261   0.05328
      6/99        0G   0.09147    0.0498   0.05551    0.1968         9       672    0.9656     0.025   0.02451   0.01268   0.09462   0.02241   0.05078
      7/99        0G   0.08878    0.0439   0.05254    0.1852        23       512    0.9998   0.03333   0.04882   0.02776   0.09272   0.02285    0.0482
      8/99        0G   0.08743   0.03678   0.05133    0.1755         4       928    0.9785     0.025   0.03847   0.02041   0.09488   0.02157   0.04854
      9/99        0G   0.08586   0.04371   0.05132    0.1809         6       512    0.8796   0.04167   0.03019   0.01631   0.09296   0.02218   0.04733
     10/99        0G   0.08641   0.04294    0.0456     0.175         9       768    0.7965   0.08929    0.0442   0.02089   0.09136   0.02244   0.04313
     11/99        0G    0.0867   0.04446   0.04628    0.1774         3       896    0.9583   0.04167   0.03448   0.01711    0.0958   0.02166   0.04696
     12/99        0G   0.08713   0.04825   0.04512    0.1805        12       608    0.9861   0.04167   0.06001   0.02606   0.08936   0.02358   0.04071
     13/99        0G   0.08427   0.04102   0.04414    0.1694         7       768    0.9687   0.04166   0.05305    0.0153   0.08899    0.0232   0.04043
     14/99        0G   0.08182    0.0461   0.04255    0.1705        22       704    0.8809   0.03333    0.0287  0.007671   0.08996   0.02346   0.04305
     15/99        0G   0.08626    0.0442   0.04225    0.1727         3       640    0.7908   0.04575   0.02228  0.008507   0.09115   0.02241   0.04137
     16/99        0G   0.08245   0.03987   0.03963    0.1619        14       384         1   0.04167   0.07562   0.02821   0.08874   0.02254   0.04028
     17/99        0G   0.08251    0.0395   0.04122    0.1632         9       320    0.9028   0.06548   0.07402   0.03694   0.08954   0.02378   0.03983
     18/99        0G   0.08063    0.0426    0.0409    0.1641        21       384    0.8534    0.1374    0.1123   0.02966    0.0864   0.02343   0.03726
     19/99        0G   0.08054   0.04189   0.03991    0.1623        17       960    0.8558    0.1573    0.1384   0.06611   0.08894   0.02396   0.04009
     20/99        0G   0.08148   0.04192   0.03997    0.1634        16       480    0.8818    0.1153    0.1165   0.03099   0.08728   0.02282   0.03552
     21/99        0G   0.08205   0.04092   0.03922    0.1622        21       512    0.3896    0.1886   0.05416   0.02373   0.08719   0.02344   0.04119
     22/99        0G    0.0814   0.04525   0.03871    0.1654        17       832    0.8096    0.1164    0.1099   0.03775   0.08669   0.02315   0.03622
     23/99        0G   0.08205   0.04863   0.03974    0.1704        19       640    0.7645     0.178    0.1028   0.03397   0.08537   0.02387   0.03548
     24/99        0G   0.07821   0.04595   0.03778    0.1619        13       768    0.6685    0.1467    0.1015   0.01915   0.08676   0.02356   0.03796
     25/99        0G   0.08231   0.04399   0.03583    0.1621        14       544    0.8706    0.1436    0.1276   0.06298   0.08945   0.02247   0.03896
     26/99        0G   0.07793   0.04012   0.03629    0.1543        30       672    0.8836    0.1179    0.1658    0.0881   0.08613   0.02289   0.03433
     27/99        0G   0.08196   0.05293   0.03664    0.1715        12       608    0.8761    0.1562    0.1383   0.08344   0.08553   0.02365   0.03524
     28/99        0G   0.08115   0.05213   0.03887    0.1722        11       480    0.7323    0.1575     0.189   0.09448   0.08287   0.02367   0.03342
     29/99        0G   0.07906   0.04444   0.03563    0.1591        14       768    0.3345     0.268    0.1392   0.05816   0.08845   0.02316   0.04195
     30/99        0G   0.07563   0.04831   0.03416    0.1581        20       832    0.9514   0.08854    0.1401   0.06975   0.08607    0.0229     0.032
     31/99        0G   0.07874   0.04043   0.03527    0.1544        15       896    0.9337    0.1539    0.2107   0.09981   0.08414   0.02309   0.03096
     32/99        0G   0.07822   0.05329   0.03528    0.1668        10       928    0.5092     0.151   0.08985   0.04012    0.0875   0.02307   0.04167
     33/99        0G   0.07569   0.04304   0.03288    0.1516        17       736    0.4867    0.2812    0.2328   0.08934   0.08237    0.0233    0.0309
     34/99        0G   0.07553   0.04575   0.03135    0.1526        20       672    0.7433    0.1755    0.1698   0.08723   0.08547   0.02278   0.03493
     35/99        0G   0.07763   0.04261   0.03406    0.1543         8       544    0.3249    0.2379    0.1368   0.06775   0.08669   0.02242   0.03463
     36/99        0G   0.07997   0.04257   0.03478    0.1573        40       352    0.8261   0.05635   0.06614   0.04313   0.09536   0.02218   0.04805
     37/99        0G   0.07501   0.04142   0.03282    0.1493         9       352    0.6563    0.2352    0.2184    0.1118   0.08352   0.02327   0.03088
     38/99        0G   0.07711   0.04658    0.0309    0.1546        11       512    0.8782     0.121    0.1416   0.07494   0.08916   0.02306   0.03699
     39/99        0G   0.07384   0.04161   0.03153     0.147        13       800     0.628    0.2054    0.1741   0.07859   0.08751   0.02284   0.03442
     40/99        0G    0.0739   0.04733   0.02848    0.1497        29       416    0.8412    0.1673    0.2413    0.1107   0.08197   0.02335   0.02786
     41/99        0G   0.07228   0.04225   0.02865    0.1432        20       448    0.5779    0.3246    0.2442   0.08333   0.08179   0.02304   0.02834
     42/99        0G    0.0762    0.0382   0.03128    0.1457         9       736    0.5382    0.2685    0.2421   0.08983   0.08253   0.02278    0.0284
     43/99        0G   0.07617   0.04205   0.03247    0.1507        10       768    0.7994    0.1389     0.198    0.0882   0.08596   0.02284   0.03296
     44/99        0G   0.07455   0.04774   0.02971     0.152        11       320    0.8181   0.05274   0.03742   0.02117   0.09626   0.02157   0.05813
     45/99        0G   0.07358   0.03924   0.03039    0.1432         8       768    0.8415    0.1444    0.1779   0.09867   0.08641   0.02271   0.03795
     46/99        0G   0.07482    0.0425   0.02977    0.1471        10       480    0.6702    0.2278    0.2897    0.1438   0.08317   0.02326   0.03102
     47/99        0G   0.07735    0.0458   0.03038    0.1535        25       928     0.312    0.3238    0.2071    0.0969   0.08408   0.02345   0.03459
     48/99        0G    0.0739   0.04966   0.02941     0.153        24       704    0.6287    0.3486    0.3149    0.1956   0.08046   0.02357   0.02676
     49/99        0G   0.07776   0.04356   0.03014    0.1515         4       736    0.6097    0.2528    0.2464    0.1273   0.08173   0.02389   0.03117
     50/99        0G   0.07369   0.04759   0.02865    0.1499        14       864    0.5999    0.3639    0.2958    0.1401   0.07944   0.02353   0.02831
     51/99        0G    0.0703   0.04589   0.02744    0.1436        19       416    0.5648    0.2049    0.1686   0.05561   0.08986   0.02602   0.04317
     52/99        0G   0.07422   0.04479   0.02717    0.1462        12       608    0.5461    0.3263    0.3039    0.1438   0.08146   0.02416   0.02774
     53/99        0G   0.07555   0.04567    0.0276    0.1488        20       352    0.8244    0.2284    0.2725    0.1414    0.0813   0.02416    0.0282
     54/99        0G    0.0735   0.04329   0.02899    0.1458        23       896    0.5196    0.2286    0.2067   0.09717   0.08244   0.02297   0.02918
     55/99        0G   0.07207   0.04406   0.02727    0.1434         8       480    0.8288    0.2042    0.2918    0.1172   0.07898   0.02334   0.02464
     56/99        0G   0.07011   0.04248   0.02726    0.1399        23       416    0.6165    0.2286    0.2086   0.09126   0.08332   0.02425   0.03283
     57/99        0G   0.07106   0.04463   0.02402    0.1397        18       800    0.6717    0.3098    0.3303    0.1657    0.0776   0.02365    0.0239
     58/99        0G   0.07461   0.04505   0.02545    0.1451         9       544    0.8278     0.218    0.2672    0.1454   0.08139   0.02386   0.03004
     59/99        0G   0.07141   0.04524   0.02317    0.1398        20       832    0.9154   0.06908   0.07012   0.04464   0.09886   0.08539   0.06509
     60/99        0G   0.06916   0.04325   0.02583    0.1382        23       672    0.8481    0.1885     0.216    0.1289   0.08433   0.02528   0.03466
     61/99        0G    0.0721   0.04818   0.02674     0.147         9       608    0.3935    0.2024    0.1514   0.07428   0.08644   0.02335   0.03952
     62/99        0G   0.06807   0.04446   0.02353    0.1361         3       576    0.7082    0.2475    0.2779    0.1281   0.08284   0.02359   0.03283
     63/99        0G    0.0735   0.04822   0.02349    0.1452        12       512    0.6615    0.2099     0.248    0.1337   0.08241   0.02353   0.03038
     64/99        0G   0.07066   0.04706   0.02238    0.1401        27       640    0.7167    0.1535    0.1464   0.06773   0.08775   0.02526   0.04337
     65/99        0G   0.07035   0.04625   0.02319    0.1398        19       320     0.435    0.1255   0.09603   0.05359   0.09493   0.03808   0.05533
     66/99        0G   0.06844   0.04106   0.02267    0.1322         3       928    0.7458    0.3334    0.3652    0.1895   0.07697   0.02339   0.02361
     67/99        0G   0.07157   0.04661   0.02197    0.1402        45       960    0.6744    0.2678    0.3211    0.1463    0.0779   0.02379   0.02554
     68/99        0G   0.07098   0.04641   0.02522    0.1426        42       768    0.5508    0.2792     0.274    0.1357   0.07981   0.02517   0.02864
     69/99        0G   0.07033   0.04592   0.02332    0.1396        25       736     0.283    0.4826    0.4038    0.1905   0.07523   0.02376   0.02072
     70/99        0G   0.06811   0.03741   0.02453      0.13         8       896    0.2687    0.3579    0.2702    0.1555   0.08086   0.02371    0.0292
     71/99        0G   0.06923   0.04062   0.02079    0.1307         8       800    0.7116    0.2715     0.364    0.1802   0.08038   0.02756   0.02918
     72/99        0G   0.06972    0.0481   0.02205    0.1399        17       384    0.6133    0.1907    0.1973   0.09429   0.08704   0.04341   0.04461
     73/99        0G   0.06842   0.04464   0.02186    0.1349         9       864     0.349    0.2248    0.2093   0.08782    0.0831   0.02314   0.03491
     74/99        0G   0.06435   0.04228   0.02185    0.1285         5       928    0.6293    0.3637    0.4239     0.193   0.07511   0.02361    0.0206
     75/99        0G   0.06973   0.04736   0.01951    0.1366        18       704    0.5823    0.3853    0.4026    0.1807   0.07707   0.02594   0.02408
     76/99        0G   0.06673   0.04119   0.01883    0.1268        12       512    0.6495    0.4382    0.4673    0.2466   0.07304   0.02409   0.01941
     77/99        0G   0.06749   0.04867   0.01853    0.1347        16       736    0.5557    0.2944     0.338    0.1761   0.07938   0.02355   0.02639
     78/99        0G   0.06695   0.03808   0.01962    0.1246        19       768    0.4835    0.4504    0.4472    0.2377   0.07447   0.02313   0.01997
     79/99        0G   0.06735   0.04558   0.01924    0.1322        12       704    0.4873     0.466    0.4584    0.2614   0.07439   0.02321   0.01867
     80/99        0G   0.06728   0.04573   0.01915    0.1322        22       416    0.6808    0.3655    0.4237    0.2312   0.07416   0.02442   0.01937
     81/99        0G   0.07014    0.0468   0.02111     0.138         6       544    0.3931    0.5185    0.4636    0.2232   0.07336   0.02286   0.01848
     82/99        0G   0.06687   0.04218   0.02135    0.1304        21       736    0.3926    0.2852    0.2519    0.1194    0.0816   0.04102   0.03367
     83/99        0G   0.06179   0.03827   0.01799     0.118         6       832    0.7101    0.4211    0.4658    0.2534   0.07212   0.02334   0.01754
     84/99        0G   0.06875   0.03959   0.02055    0.1289         8       480    0.5487    0.3731    0.4004    0.2215   0.07481   0.02288   0.02047
     85/99        0G   0.06825   0.04921   0.01919    0.1367        12       896    0.7003    0.4374    0.4878    0.2721   0.07127   0.02301   0.01504
     86/99        0G   0.06541   0.04165   0.01918    0.1262        32       384    0.3808    0.5863    0.5107     0.249    0.0703    0.0225     0.015
     87/99        0G    0.0682   0.04324   0.01698    0.1284        23       608    0.3962     0.573    0.4954    0.2567   0.07094   0.02273    0.0155
     88/99        0G   0.06503     0.046   0.01635    0.1274        32       384    0.6085     0.408    0.4984    0.2872   0.07208   0.02267   0.01747
     89/99        0G   0.06862    0.0467   0.02007    0.1354         9       736    0.6745    0.4432     0.519    0.2742   0.07068   0.02294   0.01432
     90/99        0G   0.06979   0.04818   0.01807     0.136        17       640     0.452    0.5266    0.5196    0.2933   0.06992    0.0235   0.01456
     91/99        0G   0.06654   0.04678    0.0177     0.131         7       800    0.5275     0.487    0.5076    0.2901   0.06993   0.02628   0.01543
     92/99        0G   0.06821   0.04491   0.01843    0.1316        13       704    0.5073    0.5297    0.5022    0.2797    0.0698   0.02295   0.01545
     93/99        0G   0.06731   0.04309   0.01734    0.1277        24       864    0.4317    0.5966    0.5312    0.2642   0.06947   0.02232   0.01354
     94/99        0G   0.06712   0.04774   0.01683    0.1317         6       640    0.5226     0.527    0.5211    0.2703   0.06912   0.02235   0.01408
     95/99        0G   0.06598   0.05049   0.01829    0.1348        11       640    0.5301    0.5658    0.5534    0.3107   0.06954   0.02203    0.0132
     96/99        0G   0.06919   0.04545   0.02045    0.1351        22       768    0.4629    0.5775    0.5477    0.3091    0.0682   0.02261   0.01354
     97/99        0G   0.06553   0.04756   0.01721    0.1303        20       640    0.5134     0.265    0.2769    0.1467   0.08038   0.02329   0.02851
     98/99        0G   0.06078   0.04378    0.0152    0.1198         8       576    0.7192    0.4547    0.5468    0.3283   0.06797   0.02266   0.01274
     99/99        0G   0.06666   0.04842   0.01559    0.1307        17       800     0.614     0.509    0.5704    0.2954   0.06837   0.02245   0.01284
